 ---------------------------- Atom information ----------------------------
     atom    #        X              Y              Z            mass
 --------------------------------------------------------------------------
    O        1  0.0000000E+00  0.0000000E+00 -1.2662399E-01  1.5994910E+01
    H        2  1.4391972E+00  0.0000000E+00  1.0048070E+00  1.0078250E+00
    H        3 -1.4391972E+00  0.0000000E+00  1.0048070E+00  1.0078250E+00
 --------------------------------------------------------------------------


          --------------------------------------------------------
          MASS-WEIGHTED PROJECTED HESSIAN (Hartree/Bohr/Bohr/Kamu)
          --------------------------------------------------------


               1            2            3            4            5            6            7            8            9
   ----- ----- ----- ----- -----
    1    4.05054E+01
    2   -1.61610E-24  0.00000E+00
    3    1.20781E-07  8.08051E-25  2.83024E+01
    4   -8.06829E+01  4.42629E-24 -4.65256E+01  3.52600E+02
    5   -7.69570E-24  0.00000E+00  2.91733E-24  2.04388E-23  0.00000E+00
    6   -6.34292E+01  8.04780E-25 -5.63758E+01  2.19019E+02  6.41217E-24  2.11622E+02
    7   -8.06829E+01  3.21912E-24  4.65256E+01 -3.11752E+01  1.04198E-23  3.36702E+01  3.52600E+02
    8   -8.14839E-24  0.00000E+00  2.71613E-24  1.96373E-23  8.40456E-19  7.21369E-24  1.24236E-23  0.00000E+00
    9    6.34292E+01 -1.60956E-24 -5.63758E+01 -3.36702E+01 -1.84350E-23  1.29686E+01 -2.19019E+02 -1.92365E-23  2.11622E+02
    
